camera_matrix:
- [626.2982890638488, 0.0, 377.6056627380212]
- [0.0, 586.741120103349, 240.86944794254964]
- [0.0, 0.0, 1.0]
dist_coeff:
- [0.24789020172279688, -0.27990700783934697, -0.013465333503475231, 0.024830486358822876,
  -0.3829768038235857]
