camera_matrix:
- [1726.435475671559, 0.0, 1013.2596103020419]
- [0.0, 1611.5010036328313, 422.7206648710143]
- [0.0, 0.0, 1.0]
dist_coeff:
- [0.1640354536011361, 0.5745612833443497, -0.03031186249063255, 0.03404972780325154,
  -1.531903970883033]
