camera_matrix:
- [1588.8406075452856, 0.0, 968.4316269781474]
- [0.0, 1472.3533526712627, 446.3351454689702]
- [0.0, 0.0, 1.0]
dist_coeff:
- [0.015588721743432154, 1.2130630508991398, -0.014811019316846858, 0.005673995281909173,
  -4.031404436990073]
