camera_matrix:
- [1195.325197289126, 0.0, 931.433533768911]
- [0.0, 1194.1316143154174, 633.2086435254266]
- [0.0, 0.0, 1.0]
dist_coeff:
- [-0.2766994994438221, 0.21830764968483876, -0.0006435428454939405, -0.0016059059329903288,
  -0.1837194826372037]
