camera_matrix:
- [1192.7368121029237, 0.0, 937.8440738594899]
- [0.0, 1191.9839001202263, 623.4427147564193]
- [0.0, 0.0, 1.0]
dist_coeff:
- [-0.25062317670621914, -0.0020169455509021507, 8.298292809068899e-05, -0.001161442052595698,
  0.2264924266183459]
